9700000000.0
9709523809.52381
9719047619.047619
9728571428.571428
9738095238.095238
9747619047.619047
9757142857.142857
9766666666.666666
9776190476.190475
9785714285.714285
9795238095.238094
9804761904.761906
9814285714.285715
9823809523.809525
9833333333.333334
9842857142.857143
9852380952.380953
9861904761.904762
9871428571.428572
9880952380.952381
9890476190.47619
9900000000.0
9909523809.52381
9919047619.047619
9928571428.571428
9938095238.095238
9947619047.619047
9957142857.142857
9966666666.666666
9976190476.190475
9985714285.714285
9995238095.238094
10004761904.761906
10014285714.285715
10023809523.809525
10033333333.333334
10042857142.857143
10052380952.380953
10061904761.904762
10071428571.428572
10080952380.952381
10090476190.47619
10100000000.0
10109523809.52381
10119047619.047619
10128571428.571428
10138095238.095238
10147619047.619047
10157142857.142857
10166666666.666666
10176190476.190475
10185714285.714285
10195238095.238094
10204761904.761906
10214285714.285715
10223809523.809525
10233333333.333334
10242857142.857143
10252380952.380953
10261904761.904762
10271428571.428572
10280952380.952381
10290476190.47619
10300000000.0
